$ANSIBLE_VAULT;1.1;AES256
62363162623333373162343361303261386534633337636463366164343439353539653762393832
3964643434643361666334333537656465333163376165300a366130386237666436383830326438
66633038633337613837663933373136656530616566666164623262366666646530356466616533
3633346339363339380a336465303864363962306638366364303133366338353135363639356161
33643163626432363934356464363466663036363062366531343230666130303361363662353030
61333364343662343139353636343136653337333864393335613266383562393938336538633666
33633332646333303366343861633032643036643234366333313666363339633265633233316134
63316338303531336130346166303531323261653964313065333734383063643833346363643662
34393936376435633132356538656136646266383963646663343137613235346635393733623538
34356435613563623365333761383836613862663033643039613232303037303133633566313234
36656634373266353531633132393836643531316630316233633561663561386337343737633639
34366137363333653365393135636331663665623033646461643365636131356435633362373834
33396566333939343265366665343933376566353762666362613932653037333634353433303731
31663763326339636364623638353638333232386639303632386363363537383862666234386266
65626331386234396535373038356532653837613132306663396436303666643764323663656534
30633065336265303737326233636433386432623166376161633539373637363733326536343633
37376134366565663130646562613366303361633761653430663833313231343639613364303263
32343864363035633366333835396363633865653536666262356662346135653963663438623233
66323035376466653439623265646336323236633765343564393030353363383065303062653666
34343566336635336135396162653233313132656239353833623264343530326630653834366464
34363866393339643262383733303236326637633335373739363131653331633430313832346336
64613230663333643933353434373633343334633930633762353937663465626530316664396432
35313035363163363731646661353237636165656234363137383230373639386432353163306566
36626636316136313136356533303261303531366331353134386131333865306462396339356564
32343262303931303432663435613635383339313034303833353231323932373939396637323266
62333038616433613239386634353865306363643166613537636232316130353238653235643564
32653865393966313238623233653931373436663636303965346666326138663737623534366661
34616532326630633634303637636534346465333965303265343662393765303166643631666434
36643664633064623338326338353834363162346133303664393030646261303962623133633466
37346265666133356335303632313635303030393762643466643166346431623038626233383534
31333837626633386434666535316633653639636661386334373034653330373632316662326439
32353762623561303836653362346164393830306438666135636466633830363434363832656237
66643963326133323339613864303034636539663939643265386234333636393263653036336566
37373763373035396466326162306130336336306263633731343538356333383661363162393239
65303563653034376330333531616163376433316366643834346263363333366435636465633830
39616163363765326437336433663164613963616135666132386330646137306538313965356263
30336466306137336538626365616363343233326639353437343031653439326135363734666437
66653230306532653830386238326661623561386432663433663134316536653836646135326331
31373566386562356361316438666661663633353135363435646164313961346138326137393936
66326330646231643666613135366563346134613230393035323234653233306333366466626162
30646164656532376536383464316465663263666539343835633730346539653565643930316635
64643762353538396531373832316661336330656161326564356262333435396166346462306130
34633834343437656538616433363732383033383335376266653136313836383966613333323064
66313531633532316534383766316538656566393864393262626438303931623236373264313864
63376439643334383030353539346231616663633635626363623264343830363231303832666535
61623137323566616262613963323434626231356664373632333139653138656161653831383239
38353237313464613437356135613665633666366334303331343063346162313165393334303831
63393761653634333662646533353136656264333036323932323331636562626464366539633833
38623962373133616265323864316435336439343765373937666631623831336433643166366638
36396263613964316135653465323863383032326666646638393938383234623561366137356262
66646232643937333734613464623738363433303939623233393562356139336338373566653661
39336361323361633738616136323066356533663034376232356432343861393237663461303261
63373532623530363862633063393066636266373766626338396134383630353933326335636363
37663534306138393939306530663037313237626436326535343863623566323239663536363463
38623866626534373063623933636234393839326138303536336464316334393365366637386665
38376465623837656265383931653864326631623831373230383638393936323238643730333662
32623633323839633730623030356439666531323539613237616238633966646333316236653530
32663563393639343732343563663665363839373436656135323564656362356632343763363938
30396334303166336264663663663831386666383765376664663464396565646430366436636336
37326130396465623361623831383634373030666531666334646464386132363836393362316132
30313465313036353230643761383934333663323932656565646564306661633762653065653432
38653031383731646162656531643634306561343938386565633265353039326564363435663133
38356635636362646535313361613265653630656266656233613663353266666565326337393035
31363633623930393364656634303663636566383063393865363434343633633433326163346363
66393561343838316561633465386361326236353935663336366637376665333236633832643938
37333038323733633163626333333731393230306631623832663737303536383766363861623139
65396561396561386334336530366233316535393831313463326561383761333762646463666239
32626333383264326431323536643339623962393533376330623861613362613034623836306364
36336435353365386664663366393666613861666136326138656238393064616132636137323634
63393666356261336461663132613639303236616463366566623731306563346366303239623161
63616136643736356463326432633130303339313833376666316565353732363531623230663136
34343233616436653465636531376163613234316631633139383063623030306139343238393937
62383532653262323263666538613461333239656234386433343361303963306633313866346264
62346231623762333737333763663435383364346335623637303439646465663066326132353662
63303863316535663064383363393837343332643161313230643431613263643635623563653837
62363936626137343432396464663832316434343536633837656664376235383031383836663564
38636331373664366137326163326566633233306439376461663966613565303762393662663134
32336437366431616264666136363732363461336361373936383638336666396265653037333036
37343431386461653333313234333433333765386364383230363066346435613165663134613661
61633761633964663563623839373139353837376635396563616639376636373465373735633839
32656431326337653632363433613933353031626435336133366163363161333338393136613666
37313564323963343366613066666639303762323830376133663636653363636535643966326562
32323061346437643534623132396262306334653036313735386132363330613437666266613561
35653436656432656637636632623736393462333232346339313663333864336162383939343365
61353433623432333461663638363637326330343730613032386239653130396539306466663432
63656336646466323264386566396132333865316436623366303635346239313166323035633766
62343431333663313531303463316563383039623831386431656238623735656430316264336438
30656535396335363539393863366335303465643662323739373232356337363538393832323238
31326466646435333435613637616231633531616639306334306535653962383235303131376630
33376233373237393431633337373238646139313133666135376562363335346136313730336137
34656336343034306136643137336464633833363331383533376366643732373462383635313261
37666138663537373861633665366562646134383861363934386162643761613438323737616437
39313731356266346264646336343734646535643963356466333035346536643532346538366533
38363964303634653738306333343534623864393535393464303764396630333566306562653737
37623664393536313466643135316563666465353437633435653434663466663665393636306534
33353831383365373066613833633563326261343363373033646564303162326137313262333464
63343434333131666434613239353338613264303135373430393131363266303736393861323437
36383165363163663465653335343837363736323633316634306664636265303035336333366638
66636666313931316134373034316636373038653764393461613362633236306632386132346333
35646432343933623930353266326238363365626462386361373961343931383564303336336234
31366533396630343364306438303530643864383034353862396335656164396561306332366464
37396631313261393130363535306139613737333730616237366537306365336137343230623963
34653033326661663133333533363931353364663466663632613861633162376138613166653137
39303764636566653430366663343765663433373433623734613532353138633061323363653032
61396361663434633438306434623037306663393635346663323431646463383966373565636161
61346138313230393366663761333032666537653931313034633563386434363831653434343962
65356430643166343163393635653031326663326337343137623566386135373733326266306631
38326533356130393430353765396439313330396134393530343239333265383639393934343438
37333432376236356333313563343233356664313836313462633431666532393233383431333262
38633037623034663461363539643032323532383631323137616431663532386538366630613039
63333632323233386433353931633230663363346437653936376135316165666265346530333837
30623430623766313533666265613362613162666335646464386439303364616435623437346133
63653465623630666536636162666666373137333635306465373639393538343430383162643238
65656336653035303738333362313531633263663866656236383933656238343433333333663839
37343463313132383631643135656366363239663863386263373734346637396232316536366337
39303530383836643165343430346534333665633433363235616263356364323463353165376633
32336539623730623261373430393832383436616236373935643735343866623132373738313235
38663066333039306262623331313636623363316532646464356165633063613836373431666138
38646362616336643536323265663466653635353163643464316137356531386133633736663139
34323138626464333963623035346163613164333538363937353835343435393362343465636465
66636333356330323733653362336461626138373033626236383131663035626430643066303239
61393062323362343336336665666165336565346330323530616464626361653233326263663637
63356333333132363131373135653732616134316430663666383366613133633337626663633138
35383365613837343835636234363362316137636339623730333239353530346262323062383431
39666533646464633937333736333335653364623837633037646465666439396464386432326138
32663364393036653133663933613935343762663831643437356664613535373265336639396339
30633866316234363535306163346239623835633332613764326537346266343465663637333565
66393139303963303262623537363165613861346566643966326532306536306638323732663163
64303433356364306538323131303533373531653134633663626261306265616662313932346464
37643130383336666132663333616362333965613065316666383437663166633330343362643238
62303638373563663433373035376634323163316264623532393934326661346562613736373362
36346437376338336463313662366135316137383138343039663564313338346239376565646361
33663633663739336631313330336165613236323966656466313163353933346533623030333933
63663137383935626563323234623366386263303764336339653634313131666439363465316337
61333433356563386163376638366233373630396232386134343363653462303361363039366464
33376237646132623139346463646530393464646232373835343430343338306533616537643631
6464
