$ANSIBLE_VAULT;1.1;AES256
61383566643438633237373062646336656463643765663239353734396437346564393532323061
3637616261636331356637316436653762373563613730390a346137643133313664336230386239
31333034353963303866363362326562306534643738336538343833303530363665656534326232
3835383932393833330a633631316630333130313037636231386263306439396462633665303264
61613363613535366130646362643636633834656565313562626436316661373139303538333966
38653937326536666330323139316138363966376565336330373436323631623933323562613732
38666165646231316538633564643664383634393035383765343462633933646331666230613665
64313638336137336631303866313263343632366461323630633436663435613238623033376334
61303661303265633135393662626564316239346164323534323230656565666630653939663163
37343636663430353031333831616537653935326662393138626164396432353962623433646439
62643262653435316362316164353832663737356232393261643233393132363934303531633464
32313861636337393739326439626335363235613838306665383230616563326462303937613633
65666236613962373235666134313132383665393535313164653337326363643132373431323636
65346638376438613563663861356561343734356164396131333463313164393738376537663133
64643938303637323262613134616635353636316630323737383437626132633732646134343137
32323766643530663132393336353864376339343335346436383161313166373665633134316233
65376332363635653033663064336531343235636630376333373665333933363239353764376434
33653737636432396539333466306664653732366634613837323564646431653266653062396636
39646363656439366333363463383635323138653766636537616266613663613430626536323662
36636435346539313761643632373766333063393636366537363230666164343437393634316563
35353761663865393039353230373037636366343735363438303761623636623430613037303166
35633164633264373662393765383166383439306536393637623765313230343137663362383230
32393862623461313937323065656562376234613464313437323531623233623464363937616364
38616562373036623666663830633238313066326130376665333034656635393261373731613162
61373130336435666362333233623461303238366365646539366233613132363631633261376439
37636137653235646231336432653931643036316236633432313263326461616663323938323530
30316365663835323334303961643233313238633032396235343533346335613437643762663065
39633164633938626466376164623038393531393933613139393262323266303261333162616164
38363830643331343236393638653062313439666331646439613334666561646237326436363365
63663062386533653163346538313633383764356162383464626463656232623239386632616566
33616263356163633931346261616334323131343635653564356564393039613263626233653463
36363064373830303334333732306362333334396235616637346266383865636234613062366430
62633835353736343835383663386564316236316432626435623162306535366466336232623830
34666463333965326461616237313165323463323062643435373637323838323466626136313964
66643133303961336636373731323934666136386236336532353237343965396364646331323836
38643438316633626631313034613338663163666230663932326637633963323866653435613262
62346539353839376330333336393539363032336436363563636561376137393035336464656330
31316336346538386636313334363735376232316165356131353539333162636434323861653331
34316235396637383134623637643037396534653662346431346633616331643265353632323538
39376137656464643738336232663531626339356166333661396461656238636336343762663535
35333033336266363933366136313434313235313932303739643031653036356262653535393236
66303066383231303630363664643332343730383938383738303331353263383563623935346334
39666461383238353662656637383130613065656163383562333039343739613131383962366461
61343435323431373462623539623735386330623530626332363362346635653165313436616361
37323465393133366534643362343862383838303835623766316435623838613831636366633837
39623864666138663832333639303164656137616366373238303437633462343362373437646535
66666437323338633133656238343331646431616165633665633930353037326436363433393163
31633632306164326131373139656535663036303135383830636563333537643263303861383833
32386439313238303132633063323431396362643037393564356232663666626536333062366661
65323565643761383863393836383536313565336566663962616239303461393132323363396364
62343465316136383361643932633132353162656461393162333461383231396536623234393433
36363930333031396336356263386534346535303736613330666231636235373336333734316530
66376636656536396363313264343662613965376338326336376237346230303336393230383065
38636339613032383936653038626365646339333365356366326336653361343163656437386564
64613763663565306539336138366635366231363061306364643966643863666666666433666335
30336139613563306635376135396266366534373630386362393131653461336164333831363062
66386634313331313231623835323838383934323165386464646265313966636232343131306238
65626630306665636535623838353661336163333137306465636432363737616330643736656338
33626464313738396566353663336536363864613665613035666434623234383735383837386162
31326633373461373435393163623239613233623130313664363232666636366666353263633035
61323134373463643865653439323164333332316465393036393964646533653462623030613734
30313536353266616131363565393536663165353738366463613035353531373463353033666537
38636266633764656334373262656663386462356533636336313939346437616462323130613762
32373163623866646465303339336432623635313236616137363765383734663930323636353461
62653038323632643566306562326162303635313563643963656431663831653631353565646337
35323036663039636231663536646363666137376265333139653466636466383938313065366631
62326566653763636261383064303962346635356236323337313735663731396136623864333264
63316339666366646138383530656161333964396565313038613332316137393038643564386232
31376264376637393961366166613938356531643534313032333261643130303663303265353334
35326561643564306432376538653137306437623537633337346466343536373963656338373436
61336537663262386362376261373634636535346234313336643761326438656163663264613332
63386138323534323062633635353365646562626165636633633262313130636564326635393163
36323666356333633633346465666433633832663537386130303832616262616234333230353764
32333665383434386265626236636531396433396537306465666236643466333266363766663864
35316565646631626436386264636539656661343464323437643635363963653763353238386666
31303338343836633837313039326236323266316136623934363031326532383734363839656562
31393931613239326431666334313531333733393635313730663466303435343336636334636137
37353766663364396433396666643833656231323764336464313564376464366536646137313036
62613163306236303739393162313235336566643631353839323362613766653330363066303838
34383032653138393430366161313937363362366337343362316238373530643032333734666235
33306635396235333937353036303564643966623964306438626436376530356639313432343636
61646661643336623062386337613465313966643861656536613562383161306531623666643130
64336532373835373065613363333439653766363563303334353664393731626338333639366337
64393765313235373161323330316435313334336561653836653236623162383364653035363639
35663262393462623563343930623430306335643334653165363333613066356530323931396461
36396231316334396338656663366532653238326235396163363934643136616239323138666264
66623637373465343933343131613762383331333831663165616438316366663935396365626664
35323666613061653733616131383433303536303636376635323736346133306166653137393730
32663434303763383161633234336362346630376562656538343861666466646463333162623537
61326161666663323564653635306566666234613639613566626130393839393930336136363030
63636632643335643436633636343235626466323938363438303237613934373966333464336161
35323936336662393537353066313166666235616135376438366330303561326537373937356662
37356238313961393539626432326337343038333162353330663735363833373863653630326565
36376533383036646234623637393664323030316331653833316130646338653462373130376331
35623330343334366334636161326564313130356330363038303230366233303939386431306537
35616439373336316465663465623066653363343536643237373531313263613638663762316237
61376432346534353834626138353261383463306538653061653837303564343038356666373564
32353334353738653835353838313639646166643564613361643434616162303135653366313461
65306339393232303536353535316535663861623962636534626538333136646162393334653366
36616631376330346231663661663164336539366632613332343138343561373762623730393261
33333830653939353633653934326661666533366236626338306338616461356631616135383732
37636433393364323662613665356466656463313031393561383964616538303236393466316431
39613337666564623339353430616464396335633261653762336332633738366262363434626636
38323063323539376464336436636366356332646566316235346662303034346337303162656130
62386231303734626664633761316362353331316230653135313432393964313135303263383433
65343337636361623866386436613934313765656531383137626463633534646333656637316235
65396162636266323334373732323566646339363962373435363035633230343465346336626664
32303136356166343239383935396233353364393561316362613430663839616339346362373333
35356665343335636337353661623762653932376462613462313535333136363362653334643662
38663335633933616633343935383862663032316330613433353534613036613532336566383765
33366131663838376163613063393835316237633233383538333562633633383364656231646461
62336538353532653536363262343364363836303432623366633131363134663163333035633362
64626634623532356534363436643730306539336362316431386539623636393632306338643334
61656630363363306437393362303736613837646361396630366465666237303130373639353137
64346432633262633233353533363234623337633661613939336465393331303731643763666334
30613665386666306634363130306261613037623735376430643865363736643164393564313533
65636264386339636632636633316564656338336535326637636238396662313730633534326634
62353833613736623736323564323033643536623439323239643037636335613261646538333434
33653639353436336433656434393434656262333736326365663735616138366165343666653561
65313162316161663039643031343661373161343165393866633766663938313061386137373937
63313263373937323837616637643230643536626166356261636438636436326531653663653461
34653562613165353536633835353135663437663136393630373965356362383536646434653238
37306439623731383736643531356236613834343433353337393238343862626566623833326233
38333235613665646536363536373732393135643130633634626636333365653637623839643766
39653363636363373439666535653930396565613265333637356335636539323765613763366166
38356632613862353231626161363935623364663133386363353862356130343937363632356233
36623930616331323465613031376637666437323366363631393061383836613638393730343232
35306638346339376266626635393830373232616264386663363836396639366164386463333934
64316237616630306662646131653263313264353362643562356533386636396239346466393438
61636664633831613530373565303562396431333130623164623032316233616136643965303534
32363337396262643135353736333562373033383262343930633063653638626330383862383663
62383933316331656662306638396330623837313465623565373562393836333865353532303265
65653633343361633432336564353936303137643064396339333565393431643638633864343836
37313764323837343835633835333931643465386463643438643132376536656361396434613333
62393836353233356234653838336166356264636336343833653762653632313966383738373636
37633034633636623066656538613730363663626231333530646435643561613236643539366563
6432
